997
991
990
977
976
972
971
965
955
954
953
953
952
952
951
949
933
931
930
928
928
924
924
922
917
917
916
916
914
912
905
905
903
902
902
902
895
893
892
887
882
877
873
870
866
862
1900
979
978
972
963
949
947
945
937
931
931
930
926
926
921
921
920
919
917
914
914
914
913
913
908
906
903
899
899
899
897
895
895
894
894
892
889
888
887
885
884
883
881
880
879
874
863
48
36
47
43
24
33
26
25
37
17
32
24
21
29
34
26
21
29
23
23
19
19
16
23
22
14
16
14
16
16
12
17
16
17
14
14
18
11
11
18
11
12
10
10
11
16
31
29
26
28
21
23
33
22
24
18
25
16
26
26
17
21
32
23
22
15
25
23
15
19
19
16
13
16
12
13
11
10
14
14
12
16
16
14
17
11
11
11
23
16
11
10
10